31 Mar 2020
1578.93
30 Mar 2020
1616.70
27 Mar 2020
1627.56
26 Mar 2020
1626.32
25 Mar 2020
1611.15
24 Mar 2020
1634.40
23 Mar 2020
1567.03
20 Mar 2020
1498.39
19 Mar 2020
1471.47
18 Mar 2020
1498.75
17 Mar 2020
1537.79
16 Mar 2020
1507.20
13 Mar 2020
1529.29
12 Mar 2020
1576.95
11 Mar 2020
1643.42
10 Mar 2020
1652.50
09 Mar 2020
1666.61
06 Mar 2020
1674.52
05 Mar 2020
1674.67
04 Mar 2020
1636.48
03 Mar 2020
1645.88
02 Mar 2020
1592.23
28 Feb 2020
1586.46
27 Feb 2020
1645.57
26 Feb 2020
1643.74
25 Feb 2020
1640.23
24 Feb 2020
1653.80
21 Feb 2020
1643.62
20 Feb 2020
1622.30
19 Feb 2020
1610.51
18 Feb 2020
1600.97
17 Feb 2020
1584.23
14 Feb 2020
1583.89
13 Feb 2020
1577.48
12 Feb 2020
1570.28
11 Feb 2020
1567.20
10 Feb 2020
1572.06
07 Feb 2020
1570.41
06 Feb 2020
1565.89
05 Feb 2020
1556.10
04 Feb 2020
1554.04
03 Feb 2020
1578.96
31 Jan 2020
1589.40
30 Jan 2020
1575.21
29 Jan 2020
1577.20
28 Jan 2020
1568.59
27 Jan 2020
1581.17
24 Jan 2020
1571.56
23 Jan 2020
1561.04
22 Jan 2020
1561.45
21 Jan 2020
1556.56
20 Jan 2020
1561.31
17 Jan 2020
1557.30
16 Jan 2020
1552.27
15 Jan 2020
1556.35
14 Jan 2020
1549.60
13 Jan 2020
1545.44
10 Jan 2020
1562.05
09 Jan 2020
1552.72
08 Jan 2020
1557.89
07 Jan 2020
1595.24
06 Jan 2020
1563.83
03 Jan 2020
1552.24
02 Jan 2020
1528.95
31 Dec 2019
1517.24
30 Dec 2019
1515.02
27 Dec 2019
1511.08
26 Dec 2019
1511.16
25 Dec 2019
1499.55
24 Dec 2019
1498.18
23 Dec 2019
1485.56
20 Dec 2019
1478.15
19 Dec 2019
1478.50
18 Dec 2019
1475.84
17 Dec 2019
1475.70
16 Dec 2019
1475.41
13 Dec 2019
1475.64
12 Dec 2019
1465.11
11 Dec 2019
1474.70
10 Dec 2019
1464.00
09 Dec 2019
1461.20
06 Dec 2019
1460.12
05 Dec 2019
1476.04
04 Dec 2019
1475.62
03 Dec 2019
1476.83
02 Dec 2019
1462.75
29 Nov 2019
1463.96
28 Nov 2019
1456.15
27 Nov 2019
1457.10
26 Nov 2019
1460.66
25 Nov 2019
1453.90
22 Nov 2019
1462.36
21 Nov 2019
1465.23
20 Nov 2019
1474.52
19 Nov 2019
1474.50
18 Nov 2019
1471.83
15 Nov 2019
1468.00
14 Nov 2019
1469.30
13 Nov 2019
1463.65
12 Nov 2019
1458.49
11 Nov 2019
1455.72
08 Nov 2019
1458.70
07 Nov 2019
1468.79
06 Nov 2019
1490.34
05 Nov 2019
1484.31
04 Nov 2019
1506.80
01 Nov 2019
1513.90
31 Oct 2019
1512.25
30 Oct 2019
1495.37
29 Oct 2019
1487.39
28 Oct 2019
1491.81
25 Oct 2019
1504.44
24 Oct 2019
1502.81
23 Oct 2019
1492.21
22 Oct 2019
1488.91
21 Oct 2019
1484.23
18 Oct 2019
1490.25
17 Oct 2019
1492.89
16 Oct 2019
1490.13
15 Oct 2019
1482.00
14 Oct 2019
1491.34
11 Oct 2019
1489.80
10 Oct 2019
1494.10
09 Oct 2019
1514.59
08 Oct 2019
1508.80
07 Oct 2019
1492.11
04 Oct 2019
1504.81
03 Oct 2019
1508.40
02 Oct 2019
1500.11
01 Oct 2019
1481.82
30 Sep 2019
1473.72
27 Sep 2019
1496.93
26 Sep 2019
1506.85
25 Sep 2019
1506.52
24 Sep 2019
1531.80
23 Sep 2019
1520.93
20 Sep 2019
1517.10
19 Sep 2019
1499.80
18 Sep 2019
1491.20
17 Sep 2019
1500.85
16 Sep 2019
1497.90
13 Sep 2019
1483.20
12 Sep 2019
1497.95
11 Sep 2019
1493.20
10 Sep 2019
1487.20
09 Sep 2019
1496.47
06 Sep 2019
1507.09
05 Sep 2019
1518.44
04 Sep 2019
1551.40
03 Sep 2019
1549.31
02 Sep 2019
1526.36
30 Aug 2019
1520.51
29 Aug 2019
1528.79
28 Aug 2019
1538.90
27 Aug 2019
1543.44
26 Aug 2019
1528.68
23 Aug 2019
1481.10
22 Aug 2019
1497.58
21 Aug 2019
1502.69
20 Aug 2019
1506.27
19 Aug 2019
1496.31
16 Aug 2019
1512.50
15 Aug 2019
1526.59
14 Aug 2019
1517.00
13 Aug 2019
1500.94
12 Aug 2019
1512.23
09 Aug 2019
1495.20
08 Aug 2019
1504.36
07 Aug 2019
1502.14
06 Aug 2019
1476.88
05 Aug 2019
1474.11
02 Aug 2019
1440.56
01 Aug 2019
1438.30
31 Jul 2019
1412.14
30 Jul 2019
1430.90
29 Jul 2019
1424.58
26 Jul 2019
1418.76
25 Jul 2019
1415.17
24 Jul 2019
1425.40
23 Jul 2019
1417.10
22 Jul 2019
1423.77
19 Jul 2019
1418.10
18 Jul 2019
1443.00
17 Jul 2019
1424.87
16 Jul 2019
1405.36
15 Jul 2019
1415.60
12 Jul 2019
1426.80
11 Jul 2019
1404.00
10 Jul 2019
1422.12
09 Jul 2019
1395.53
08 Jul 2019
1394.43
05 Jul 2019
1399.47
04 Jul 2019
1421.01
03 Jul 2019
1418.49
02 Jul 2019
1431.40
01 Jul 2019
1385.57
28 Jun 2019
1409.50
27 Jun 2019
1411.24
26 Jun 2019
1410.91
25 Jun 2019
1418.77
24 Jun 2019
1425.43
21 Jun 2019
1399.00
20 Jun 2019
1391.10
19 Jun 2019
1357.92
18 Jun 2019
1345.56
17 Jun 2019
1339.78
14 Jun 2019
1341.94
13 Jun 2019
1344.60
12 Jun 2019
1333.68
11 Jun 2019
1327.85
10 Jun 2019
1329.38
07 Jun 2019
1340.52
06 Jun 2019
1333.59
05 Jun 2019
1331.05
04 Jun 2019
1325.43
03 Jun 2019
1325.24
31 May 2019
1305.60
30 May 2019
1290.55
29 May 2019
1279.96
28 May 2019
1279.98
27 May 2019
1285.86
24 May 2019
1292.80
23 May 2019
1284.25
22 May 2019
1274.32
21 May 2019
1274.74
20 May 2019
1277.51
17 May 2019
1277.50
16 May 2019
1285.98
15 May 2019
1296.60
14 May 2019
1297.23
13 May 2019
1301.82
10 May 2019
1286.00
09 May 2019
1283.82
08 May 2019
1281.45
07 May 2019
1284.92
06 May 2019
1282.93
03 May 2019
1276.60
02 May 2019
1270.84
01 May 2019
1277.15
30 Apr 2019
1283.25
29 Apr 2019
1280.50
26 Apr 2019
1286.20
25 Apr 2019
1278.74
24 Apr 2019
1274.82
23 Apr 2019
1271.51
22 Apr 2019
1274.73
18 Apr 2019
1274.43
17 Apr 2019
1274.30
16 Apr 2019
1276.60
15 Apr 2019
1288.50
12 Apr 2019
1290.40
11 Apr 2019
1292.31
10 Apr 2019
1308.20
09 Apr 2019
1304.72
08 Apr 2019
1298.10
05 Apr 2019
1291.62
04 Apr 2019
1292.20
03 Apr 2019
1292.00
02 Apr 2019
1291.85
01 Apr 2019
1287.45
29 Mar 2019
1292.41
28 Mar 2019
1291.65
27 Mar 2019
1309.46
26 Mar 2019
1316.52
25 Mar 2019
1321.35
22 Mar 2019
1313.42
21 Mar 2019
1308.66
20 Mar 2019
1315.53
19 Mar 2019
1306.26
18 Mar 2019
1303.50
15 Mar 2019
1302.27
14 Mar 2019
1296.10
13 Mar 2019
1309.53
12 Mar 2019
1302.04
11 Mar 2019
1292.63
08 Mar 2019
1298.39
07 Mar 2019
1286.07
06 Mar 2019
1287.31
05 Mar 2019
1288.02
04 Mar 2019
1287.17
01 Mar 2019
1293.55
28 Feb 2019
1314.33
27 Feb 2019
1321.22
26 Feb 2019
1329.20
25 Feb 2019
1327.55
22 Feb 2019
1327.60
21 Feb 2019
1325.91
20 Feb 2019
1340.59
19 Feb 2019
1339.68
18 Feb 2019
1326.47
15 Feb 2019
1321.27
14 Feb 2019
1312.00
13 Feb 2019
1307.70
12 Feb 2019
1310.24
11 Feb 2019
1307.80
08 Feb 2019
1314.13
07 Feb 2019
1310.42
06 Feb 2019
1306.71
05 Feb 2019
1315.05
04 Feb 2019
1311.80
01 Feb 2019
1317.65
31 Jan 2019
1321.10
30 Jan 2019
1319.33
29 Jan 2019
1310.82
28 Jan 2019
1303.96
25 Jan 2019
1303.24
24 Jan 2019
1281.42
23 Jan 2019
1283.85
22 Jan 2019
1284.50
21 Jan 2019
1279.85
18 Jan 2019
1281.63
17 Jan 2019
1292.39
16 Jan 2019
1293.00
15 Jan 2019
1289.70
14 Jan 2019
1291.60
11 Jan 2019
1287.52
10 Jan 2019
1288.05
09 Jan 2019
1293.00
08 Jan 2019
1285.20
07 Jan 2019
1288.93
04 Jan 2019
1284.89
03 Jan 2019
1295.26
02 Jan 2019
1285.91
31 Dec 2018
1282.57
28 Dec 2018
1280.99
27 Dec 2018
1274.78
26 Dec 2018
1269.30
25 Dec 2018
1267.45
24 Dec 2018
1269.14
21 Dec 2018
1255.93
20 Dec 2018
1262.01
19 Dec 2018
1244.33
18 Dec 2018
1249.50
17 Dec 2018
1245.90
14 Dec 2018
1238.38
13 Dec 2018
1242.55
12 Dec 2018
1246.19
11 Dec 2018
1243.23
10 Dec 2018
1244.22
07 Dec 2018
1248.57
06 Dec 2018
1237.59
05 Dec 2018
1238.25
04 Dec 2018
1238.80
03 Dec 2018
1231.30
30 Nov 2018
1222.43
29 Nov 2018
1224.35
28 Nov 2018
1221.10
27 Nov 2018
1214.60
26 Nov 2018
1222.66
23 Nov 2018
1223.19
22 Nov 2018
1227.46
21 Nov 2018
1225.81
20 Nov 2018
1221.70
19 Nov 2018
1224.18
16 Nov 2018
1221.51
15 Nov 2018
1214.04
14 Nov 2018
1211.14
13 Nov 2018
1203.12
12 Nov 2018
1202.29
09 Nov 2018
1209.97
08 Nov 2018
1223.18
07 Nov 2018
1226.15
06 Nov 2018
1227.82
05 Nov 2018
1231.30
02 Nov 2018
1232.87
01 Nov 2018
1233.03
31 Oct 2018
1216.19
30 Oct 2018
1222.65
29 Oct 2018
1230.19
26 Oct 2018
1233.45
25 Oct 2018
1231.87
24 Oct 2018
1235.20
23 Oct 2018
1231.02
22 Oct 2018
1222.32
19 Oct 2018
1226.68
18 Oct 2018
1225.93
17 Oct 2018
1222.31
16 Oct 2018
1225.03
15 Oct 2018
1226.88
12 Oct 2018
1217.87
11 Oct 2018
1221.28
10 Oct 2018
1194.20
09 Oct 2018
1189.97
08 Oct 2018
1190.70
05 Oct 2018
1202.80
04 Oct 2018
1199.17
03 Oct 2018
1198.06
02 Oct 2018
1205.70
01 Oct 2018
1189.03
28 Sep 2018
1192.17
27 Sep 2018
1183.65
26 Sep 2018
1196.56
25 Sep 2018
1201.30
24 Sep 2018
1199.39
21 Sep 2018
1199.53
20 Sep 2018
1207.39
19 Sep 2018
1204.05
18 Sep 2018
1199.62
17 Sep 2018
1198.49
14 Sep 2018
1193.70
13 Sep 2018
1202.14
12 Sep 2018
1206.26
11 Sep 2018
1197.15
10 Sep 2018
1195.12
07 Sep 2018
1196.21
06 Sep 2018
1201.19
05 Sep 2018
1197.18
04 Sep 2018
1192.20
03 Sep 2018
1200.85
31 Aug 2018
1201.16
30 Aug 2018
1199.98
29 Aug 2018
1207.20
28 Aug 2018
1202.80
27 Aug 2018
1211.02
24 Aug 2018
1206.07
23 Aug 2018
1184.60
22 Aug 2018
1195.16
21 Aug 2018
1196.14
20 Aug 2018
1191.30
17 Aug 2018
1184.72
16 Aug 2018
1175.28
15 Aug 2018
1173.87
14 Aug 2018
1193.98
13 Aug 2018
1192.93
10 Aug 2018
1211.29
09 Aug 2018
1212.20
08 Aug 2018
1213.38
07 Aug 2018
1212.50
06 Aug 2018
1208.69
03 Aug 2018
1213.39
02 Aug 2018
1208.40
01 Aug 2018
1217.89
31 Jul 2018
1224.17
30 Jul 2018
1222.61
27 Jul 2018
1222.79
26 Jul 2018
1224.20
25 Jul 2018
1233.30
24 Jul 2018
1225.23
23 Jul 2018
1224.32
20 Jul 2018
1231.96
19 Jul 2018
1223.54
18 Jul 2018
1227.44
17 Jul 2018
1227.23
16 Jul 2018
1240.80
13 Jul 2018
1241.67
12 Jul 2018
1246.04
11 Jul 2018
1242.80
10 Jul 2018
1256.10
09 Jul 2018
1258.47
06 Jul 2018
1254.80
05 Jul 2018
1257.40
04 Jul 2018
1256.97
03 Jul 2018
1255.20
02 Jul 2018
1242.26
29 Jun 2018
1253.09
28 Jun 2018
1248.71
27 Jun 2018
1252.99
26 Jun 2018
1258.25
25 Jun 2018
1266.09
22 Jun 2018
1269.43
21 Jun 2018
1267.40
20 Jun 2018
1269.59
19 Jun 2018
1275.20
18 Jun 2018
1281.43
15 Jun 2018
1279.75
14 Jun 2018
1302.47
13 Jun 2018
1299.42
12 Jun 2018
1295.55
11 Jun 2018
1298.23
08 Jun 2018
1329.50
07 Jun 2018
1297.40
06 Jun 2018
1297.47
05 Jun 2018
1297.06
04 Jun 2018
1291.59
01 Jun 2018
1293.46
31 May 2018
1299.63
30 May 2018
1302.65
29 May 2018
1302.16
28 May 2018
1298.15
25 May 2018
1301.61
24 May 2018
1304.45
23 May 2018
1295.10
22 May 2018
1293.58
21 May 2018
1292.54
18 May 2018
1329.80
17 May 2018
1289.62
16 May 2018
1291.77
15 May 2018
1292.76
14 May 2018
1313.82
11 May 2018
1318.32
10 May 2018
1321.20
09 May 2018
1312.50
08 May 2018
1316.40
07 May 2018
1315.83
04 May 2018
1315.18
03 May 2018
1312.91
02 May 2018
1305.96
01 May 2018
1305.53
30 Apr 2018
1315.20
27 Apr 2018
1323.29
26 Apr 2018
1318.09
25 Apr 2018
1322.73
24 Apr 2018
1331.75
23 Apr 2018
1324.40
20 Apr 2018
1335.59
19 Apr 2018
1344.50
18 Apr 2018
1350.66
17 Apr 2018
1346.40
16 Apr 2018
1348.24
13 Apr 2018
1345.20
12 Apr 2018
1337.98
11 Apr 2018
1352.99
10 Apr 2018
1341.88
09 Apr 2018
1336.60
06 Apr 2018
1333.42
05 Apr 2018
1330.80
04 Apr 2018
1333.50
03 Apr 2018
1333.30
02 Apr 2018
1341.70
30 Mar 2018
1320.83
29 Mar 2018
1320.80
28 Mar 2018
1326.60
27 Mar 2018
1345.38
26 Mar 2018
1353.00
23 Mar 2018
1347.33
22 Mar 2018
1332.85
21 Mar 2018
1332.10
20 Mar 2018
1310.14
19 Mar 2018
1317.14
16 Mar 2018
1314.11
15 Mar 2018
1315.90
14 Mar 2018
1325.31
13 Mar 2018
1326.40
12 Mar 2018
1325.11
09 Mar 2018
1323.43
08 Mar 2018
1320.99
07 Mar 2018
1324.58
06 Mar 2018
1339.47
05 Mar 2018
1321.05
02 Mar 2018
1322.68
01 Mar 2018
1317.12
28 Feb 2018
1317.47
27 Feb 2018
1317.54
26 Feb 2018
1332.29
23 Feb 2018
1328.95
22 Feb 2018
1330.53
21 Feb 2018
1326.70
20 Feb 2018
1329.98
19 Feb 2018
1345.40
16 Feb 2018
1347.29
15 Feb 2018
1354.01
14 Feb 2018
1353.90
13 Feb 2018
1331.89
12 Feb 2018
1322.60
09 Feb 2018
1316.14
08 Feb 2018
1322.05
07 Feb 2018
1319.20
06 Feb 2018
1325.40
05 Feb 2018
1340.69
02 Feb 2018
1333.03
01 Feb 2018
1348.37
31 Jan 2018
1345.33
30 Jan 2018
1338.62
29 Jan 2018
1341.16
26 Jan 2018
1350.02
25 Jan 2018
1346.77
24 Jan 2018
1356.22
23 Jan 2018
1341.95
22 Jan 2018
1333.24
19 Jan 2018
1331.72
18 Jan 2018
1328.04
17 Jan 2018
1328.61
16 Jan 2018
1340.86
15 Jan 2018
1341.64
12 Jan 2018
1337.61
11 Jan 2018
1322.90
10 Jan 2018
1317.85
09 Jan 2018
1310.40
08 Jan 2018
1318.18
05 Jan 2018
1319.70
04 Jan 2018
1321.00
03 Jan 2018
1311.13
02 Jan 2018
1320.40
29 Dec 2017
1302.94
28 Dec 2017
1294.19
27 Dec 2017
1287.69
26 Dec 2017
1282.18
25 Dec 2017
1273.72
22 Dec 2017
1274.98
21 Dec 2017
1266.97
20 Dec 2017
1266.62
19 Dec 2017
1261.83
18 Dec 2017
1261.52
15 Dec 2017
1255.23
14 Dec 2017
1253.59
13 Dec 2017
1254.01
12 Dec 2017
1243.50
11 Dec 2017
1242.94
08 Dec 2017
1248.88
07 Dec 2017
1247.16
06 Dec 2017
1264.00
05 Dec 2017
1266.34
04 Dec 2017
1276.61
01 Dec 2017
1280.51
30 Nov 2017
1275.06
29 Nov 2017
1284.17
28 Nov 2017
1293.90
27 Nov 2017
1294.54
24 Nov 2017
1288.59
23 Nov 2017
1291.45
22 Nov 2017
1290.99
21 Nov 2017
1282.01
20 Nov 2017
1279.42
17 Nov 2017
1294.20
16 Nov 2017
1279.40
15 Nov 2017
1279.50
14 Nov 2017
1280.99
13 Nov 2017
1277.94
10 Nov 2017
1275.60
09 Nov 2017
1286.15
08 Nov 2017
1281.97
07 Nov 2017
1277.71
06 Nov 2017
1280.09
03 Nov 2017
1269.93
02 Nov 2017
1277.80
01 Nov 2017
1275.27
31 Oct 2017
1270.03
30 Oct 2017
1277.33
27 Oct 2017
1274.02
26 Oct 2017
1267.30
25 Oct 2017
1279.46
24 Oct 2017
1275.80
23 Oct 2017
1282.75
20 Oct 2017
1280.70
19 Oct 2017
1290.20
18 Oct 2017
1280.42
17 Oct 2017
1286.10
16 Oct 2017
1295.08
13 Oct 2017
1304.80
12 Oct 2017
1294.12
11 Oct 2017
1292.64
10 Oct 2017
1289.71
09 Oct 2017
1283.27
06 Oct 2017
1276.50
05 Oct 2017
1269.20
04 Oct 2017
1274.00
03 Oct 2017
1272.55
02 Oct 2017
1271.22
29 Sep 2017
1278.50
28 Sep 2017
1287.03
27 Sep 2017
1283.65
26 Sep 2017
1293.38
25 Sep 2017
1308.42
22 Sep 2017
1297.30
21 Sep 2017
1292.03
20 Sep 2017
1299.00
19 Sep 2017
1310.90
18 Sep 2017
1308.86
15 Sep 2017
1320.19
14 Sep 2017
1334.24
13 Sep 2017
1322.17
12 Sep 2017
1331.08
11 Sep 2017
1327.03
08 Sep 2017
1346.56
07 Sep 2017
1349.30
06 Sep 2017
1333.64
05 Sep 2017
1341.70
04 Sep 2017
1332.80
01 Sep 2017
1325.04
31 Aug 2017
1321.22
30 Aug 2017
1307.37
29 Aug 2017
1308.91
28 Aug 2017
1317.96
25 Aug 2017
1291.05
24 Aug 2017
1286.68
23 Aug 2017
1290.45
22 Aug 2017
1283.30
21 Aug 2017
1291.56
18 Aug 2017
1284.50
17 Aug 2017
1288.61
16 Aug 2017
1283.22
15 Aug 2017
1272.96
14 Aug 2017
1279.36
11 Aug 2017
1289.07
10 Aug 2017
1286.69
09 Aug 2017
1275.91
08 Aug 2017
1262.00
07 Aug 2017
1257.81
04 Aug 2017
1258.77
03 Aug 2017
1269.28
02 Aug 2017
1263.04
01 Aug 2017
1267.69
31 Jul 2017
1267.72
28 Jul 2017
1269.62
27 Jul 2017
1260.06
26 Jul 2017
1260.35
25 Jul 2017
1247.08
24 Jul 2017
1253.74
21 Jul 2017
1255.03
20 Jul 2017
1244.03
19 Jul 2017
1241.43
18 Jul 2017
1242.80
17 Jul 2017
1233.00
14 Jul 2017
1250.80
13 Jul 2017
1217.76
12 Jul 2017
1219.25
11 Jul 2017
1217.71
10 Jul 2017
1213.76
07 Jul 2017
1213.07
06 Jul 2017
1223.29
05 Jul 2017
1226.75
04 Jul 2017
1226.79
03 Jul 2017
1223.36
30 Jun 2017
1241.57
29 Jun 2017
1246.38
28 Jun 2017
1249.83
27 Jun 2017
1249.39
26 Jun 2017
1243.23
23 Jun 2017
1256.84
22 Jun 2017
1251.38
21 Jun 2017
1249.16
20 Jun 2017
1244.91
19 Jun 2017
1243.78
16 Jun 2017
1253.91
15 Jun 2017
1254.05
14 Jun 2017
1263.57
13 Jun 2017
1267.40
12 Jun 2017
1265.34
09 Jun 2017
1266.69
08 Jun 2017
1280.24
07 Jun 2017
1284.91
06 Jun 2017
1293.73
05 Jun 2017
1280.60
02 Jun 2017
1279.07
01 Jun 2017
1264.88
31 May 2017
1268.79
30 May 2017
1262.50
29 May 2017
1267.26
26 May 2017
1266.93
25 May 2017
1255.06
24 May 2017
1257.94
23 May 2017
1251.10
22 May 2017
1263.33
19 May 2017
1255.41
18 May 2017
1248.84
17 May 2017
1260.03
16 May 2017
1243.52
15 May 2017
1231.51
12 May 2017
1228.46
11 May 2017
1225.16
10 May 2017
1217.91
09 May 2017
1223.50
08 May 2017
1227.74
05 May 2017
1227.92
04 May 2017
1228.54
03 May 2017
1238.57
02 May 2017
1256.59
01 May 2017
1256.73
28 Apr 2017
1268.18
27 Apr 2017
1264.31
26 Apr 2017
1267.40
25 Apr 2017
1263.80
24 Apr 2017
1277.43
21 Apr 2017
1284.56
20 Apr 2017
1281.31
19 Apr 2017
1279.54
18 Apr 2017
1289.34
17 Apr 2017
1283.00
14 Apr 2017
1287.43
13 Apr 2017
1299.70
12 Apr 2017
1287.17
11 Apr 2017
1276.16
10 Apr 2017
1256.03
07 Apr 2017
1254.30
06 Apr 2017
1251.59
05 Apr 2017
1258.44
04 Apr 2017
1255.61
03 Apr 2017
1255.48
31 Mar 2017
1249.14
30 Mar 2017
1243.63
29 Mar 2017
1252.54
28 Mar 2017
1249.99
27 Mar 2017
1253.07
24 Mar 2017
1254.90
23 Mar 2017
1245.77
22 Mar 2017
1246.16
21 Mar 2017
1246.05
20 Mar 2017
1234.67
17 Mar 2017
1229.37
16 Mar 2017
1226.58
15 Mar 2017
1220.59
14 Mar 2017
1200.35
13 Mar 2017
1202.24
10 Mar 2017
1204.81
09 Mar 2017
1200.04
08 Mar 2017
1208.50
07 Mar 2017
1216.22
06 Mar 2017
1225.99
03 Mar 2017
1234.65
02 Mar 2017
1235.37
01 Mar 2017
1247.29
28 Feb 2017
1246.18
27 Feb 2017
1253.36
24 Feb 2017
1257.09
23 Feb 2017
1249.35
22 Feb 2017
1237.12
21 Feb 2017
1235.04
20 Feb 2017
1237.09
17 Feb 2017
1234.97
16 Feb 2017
1238.65
15 Feb 2017
1233.24
14 Feb 2017
1228.57
13 Feb 2017
1226.16
10 Feb 2017
1233.66
09 Feb 2017
1227.16
08 Feb 2017
1239.99
07 Feb 2017
1232.13
06 Feb 2017
1233.48
03 Feb 2017
1220.24
02 Feb 2017
1214.97
01 Feb 2017
1209.87
31 Jan 2017
1211.75
30 Jan 2017
1196.93
27 Jan 2017
1191.44
26 Jan 2017
1188.35
25 Jan 2017
1201.23
24 Jan 2017
1209.01
23 Jan 2017
1217.42
20 Jan 2017
1209.02
19 Jan 2017
1203.69
18 Jan 2017
1202.85
17 Jan 2017
1215.32
16 Jan 2017
1203.39
13 Jan 2017
1197.40
12 Jan 2017
1196.25
11 Jan 2017
1193.52
10 Jan 2017
1186.23
09 Jan 2017
1182.68
06 Jan 2017
1172.41
05 Jan 2017
1181.03
04 Jan 2017
1165.95
03 Jan 2017
1157.25
02 Jan 2017
1150.27
30 Dec 2016
1150.9
29 Dec 2016
1157.67
28 Dec 2016
1141.03
27 Dec 2016
1138.49
26 Dec 2016
1132.72
23 Dec 2016
1133.57
22 Dec 2016
1128.01
21 Dec 2016
1131.19
20 Dec 2016
1131.86
19 Dec 2016
1137.56
16 Dec 2016
1134.26
15 Dec 2016
1128
14 Dec 2016
1142.55
13 Dec 2016
1158.09
12 Dec 2016
1161.73
9 Dec 2016
1159.47
8 Dec 2016
1170.37
7 Dec 2016
1173.32
6 Dec 2016
1169.47
5 Dec 2016
1169.9
2 Dec 2016
1177.09
1 Dec 2016
1171.21
30 Nov 2016
1172.89
29 Nov 2016
1187.83
28 Nov 2016
1193.5
25 Nov 2016
1183.36
24 Nov 2016
1183.65
23 Nov 2016
1187.89
22 Nov 2016
1211.87
21 Nov 2016
1213.82
18 Nov 2016
1207.53
17 Nov 2016
1215.95
16 Nov 2016
1224.77
15 Nov 2016
1228.27
14 Nov 2016
1220.83
11 Nov 2016
1226.78
10 Nov 2016
1258.56
9 Nov 2016
1277.63
8 Nov 2016
1275.19
7 Nov 2016
1281.21
3 Nov 2016
1304.21
2 Nov 2016
1302.16
1 Nov 2016
1296.52
31 Oct 2016
1287.62
30 Oct 2016
1276.71
28 Oct 2016
1275.06
27 Oct 2016
1267.99
26 Oct 2016
1266.64
25 Oct 2016
1273.35
24 Oct 2016
1263.95
21 Oct 2016
1265.85
20 Oct 2016
1265.24
19 Oct 2016
1268.84
18 Oct 2016
1261.98
17 Oct 2016
1255.32
14 Oct 2016
1250.91
13 Oct 2016
1257.71
12 Oct 2016
1254.84
11 Oct 2016
1252.27
10 Oct 2016
1259.2
7 Oct 2016
1256.22
6 Oct 2016
1253.88
5 Oct 2016
1266.32
4 Oct 2016
1268.05
3 Oct 2016
1311.3
30 Sep 2016
1315.93
29 Sep 2016
1320.21
28 Sep 2016
1321.35
27 Sep 2016
1327.26
26 Sep 2016
1337.91
23 Sep 2016
1337.41
22 Sep 2016
1336.97
21 Sep 2016
1334.87
20 Sep 2016
1314.75
19 Sep 2016
1313.13
16 Sep 2016
1310.28
15 Sep 2016
1314.69
14 Sep 2016
1322.85
13 Sep 2016
1319
12 Sep 2016
1327.52
9 Sep 2016
1328.04
8 Sep 2016
1338.34
7 Sep 2016
1345.11
6 Sep 2016
1349.79
5 Sep 2016
1326.85
2 Sep 2016
1324.83
1 Sep 2016
1313.7
31 Aug 2016
1308.84
30 Aug 2016
1311.07
29 Aug 2016
1323.32
26 Aug 2016
1321.24
25 Aug 2016
1321.87
24 Aug 2016
1324.07
23 Aug 2016
1337.47
22 Aug 2016
1338.97
19 Aug 2016
1341.62
18 Aug 2016
1352.17
17 Aug 2016
1348.55
16 Aug 2016
1345.92
15 Aug 2016
1339.29
12 Aug 2016
1336.07
11 Aug 2016
1338.72
10 Aug 2016
1346.62
9 Aug 2016
1340.6
8 Aug 2016
1335.23
5 Aug 2016
1335.45
4 Aug 2016
1361.1
3 Aug 2016
1358.19
2 Aug 2016
1363.54
1 Aug 2016
1353.03
29 Jul 2016
1350.81
28 Jul 2016
1335.69
27 Jul 2016
1339.8
26 Jul 2016
1320.23
25 Jul 2016
1315.48
22 Jul 2016
1322.23
21 Jul 2016
1331.04
20 Jul 2016
1315.85
19 Jul 2016
1331.97
18 Jul 2016
1328.75
15 Jul 2016
1337.26
14 Jul 2016
1335.05
13 Jul 2016
1342.57
12 Jul 2016
1333.1
11 Jul 2016
1355.3
8 Jul 2016
1366.17
7 Jul 2016
1360.22
6 Jul 2016
1363.69
5 Jul 2016
1356.32
4 Jul 2016
1350.73
1 Jul 2016
1341.71
30 Jun 2016
1322.15
29 Jun 2016
1319.05
28 Jun 2016
1311.69
27 Jun 2016
1324.37
24 Jun 2016
1315.3
23 Jun 2016
1256.75
22 Jun 2016
1266.1
21 Jun 2016
1268.06
20 Jun 2016
1289.78
17 Jun 2016
1298.73
16 Jun 2016
1278.45
15 Jun 2016
1291.75
14 Jun 2016
1285.53
13 Jun 2016
1283.76
10 Jun 2016
1273.72
9 Jun 2016
1269.67
8 Jun 2016
1262.64
7 Jun 2016
1243.63
6 Jun 2016
1245.21
3 Jun 2016
1244.25
2 Jun 2016
1211.01
1 Jun 2016
1212.93
31 May 2016
1215.15
30 May 2016
1205
27 May 2016
1212.83
26 May 2016
1219.74
25 May 2016
1224.14
24 May 2016
1227.14
23 May 2016
1248.93
20 May 2016
1252.19
19 May 2016
1254.55
18 May 2016
1258.47
17 May 2016
1278.84
16 May 2016
1274.2
13 May 2016
1273.12
12 May 2016
1263.66
11 May 2016
1277.34
10 May 2016
1265.75
9 May 2016
1263.79
6 May 2016
1287.72
5 May 2016
1277.68
4 May 2016
1279.6
3 May 2016
1286.53
2 May 2016
1291.4
29 Apr 2016
1292.87
28 Apr 2016
1266.17
27 Apr 2016
1245.78
26 Apr 2016
1243.3
25 Apr 2016
1237.77
22 Apr 2016
1232.54
21 Apr 2016
1248.01
20 Apr 2016
1244.22
19 Apr 2016
1250.12
18 Apr 2016
1232.5
15 Apr 2016
1233.85
14 Apr 2016
1227.79
13 Apr 2016
1242.4
12 Apr 2016
1255.41
11 Apr 2016
1257.74
8 Apr 2016
1238.84
7 Apr 2016
1240.33
6 Apr 2016
1222.27
5 Apr 2016
1231.22
4 Apr 2016
1215.48
1 Apr 2016
1222.62
31 Mar 2016
1232.43
30 Mar 2016
1224.9
29 Mar 2016
1241.87
28 Mar 2016
1221.55
24 Mar 2016
1216.72
23 Mar 2016
1216.81
22 Mar 2016
1219.99
21 Mar 2016
1248.15
20 Mar 2016
1243.71
17 Mar 2016
1255.2
16 Mar 2016
1257.78
15 Mar 2016
1262.38
14 Mar 2016
1232.29
13 Mar 2016
1235.15
11 Mar 2016
1250.6
10 Mar 2016
1272.15
9 Mar 2016
1253.02
8 Mar 2016
1261.34
7 Mar 2016
1267.17
4 Mar 2016
1259.23
3 Mar 2016
1264.13
2 Mar 2016
1239.92
1 Mar 2016
1232.06
29 Feb 2016
1238.5
26 Feb 2016
1222.31
25 Feb 2016
1232.95
24 Feb 2016
1228.69
23 Feb 2016
1225.59
22 Feb 2016
1208.65
19 Feb 2016
1226.25
18 Feb 2016
1230.79
17 Feb 2016
1208.41
16 Feb 2016
1200.33
15 Feb 2016
1208.88
12 Feb 2016
1237.88
11 Feb 2016
1246.58
10 Feb 2016
1197.05
9 Feb 2016
1188.95
8 Feb 2016
1189.01
5 Feb 2016
1173.69
4 Feb 2016
1155.37
3 Feb 2016
1142.45
2 Feb 2016
1129
1 Feb 2016
1128.37
29 Jan 2016
1118.08
28 Jan 2016
1115.17
27 Jan 2016
1124.95
26 Jan 2016
1119.78
25 Jan 2016
1107.86
22 Jan 2016
1097.88
21 Jan 2016
1101.16
20 Jan 2016
1100.71
19 Jan 2016
1087.02
18 Jan 2016
1089.14
15 Jan 2016
1088.72
14 Jan 2016
1078.26
13 Jan 2016
1093.5
12 Jan 2016
1086.37
11 Jan 2016
1094.21
8 Jan 2016
1104.37
7 Jan 2016
1108.95
6 Jan 2016
1093.48
5 Jan 2016
1077.53
4 Jan 2016
1074.49
1 Jan 2016
1060.54
31 Dec 2015
1060.8
30 Dec 2015
1061.32
29 Dec 2015
1068.87
28 Dec 2015
1069.09
25 Dec 2015
1075.62
24 Dec 2015
1075.97
23 Dec 2015
1070.26
22 Dec 2015
1072.38
21 Dec 2015
1078.11
18 Dec 2015
1066.19
17 Dec 2015
1051.07
16 Dec 2015
1072.36
15 Dec 2015
1061.08
14 Dec 2015
1060.01
11 Dec 2015
1074.5
10 Dec 2015
1071.46
09 Dec 2015
1072.7
08 Dec 2015
1074.75
07 Dec 2015
1071.33
04 Dec 2015
1086.32
03 Dec 2015
1061.94
02 Dec 2015
1053.5
01 Dec 2015
1069.05
30 Nov 2015
1064.58
27 Nov 2015
1058
26 Nov 2015
1071.82
25 Nov 2015
1071.2
24 Nov 2015
1075.43
23 Nov 2015
1069.14
20 Nov 2015
1077.9
19 Nov 2015
1082.16
18 Nov 2015
1070.62
17 Nov 2015
1070.25
16 Nov 2015
1082.85
13 Nov 2015
1083.82
12 Nov 2015
1085.1
11 Nov 2015
1086.24
10 Nov 2015
1089.61
09 Nov 2015
1092.18
06 Nov 2015
1089.63
05 Nov 2015
1103.84
04 Nov 2015
1107.74
03 Nov 2015
1117.64
02 Nov 2015
1133.62
30 Oct 2015
1142.1
29 Oct 2015
1145.86
28 Oct 2015
1156.15
27 Oct 2015
1166.74
26 Oct 2015
1163
23 Oct 2015
1164.2
22 Oct 2015
1166.01
21 Oct 2015
1167.16
20 Oct 2015
1176.01
19 Oct 2015
1170.63
16 Oct 2015
1176.95
15 Oct 2015
1183.02
14 Oct 2015
1184.03
13 Oct 2015
1168.68
12 Oct 2015
1163.68
09 Oct 2015
1155.93
08 Oct 2015
1138.97
07 Oct 2015
1145.42
06 Oct 2015
1147.05
05 Oct 2015
1135.6
02 Oct 2015
1137.94
01 Oct 2015
1113.63
30 Sep 2015
1114.89
29 Sep 2015
1127.25
28 Sep 2015
1131.78
25 Sep 2015
1146.25
24 Sep 2015
1153.79
23 Sep 2015
1130.25
22 Sep 2015
1124.6
21 Sep 2015
1133.18
18 Sep 2015
1138.97
17 Sep 2015
1131.38
16 Sep 2015
1119.38
15 Sep 2015
1105.07
14 Sep 2015
1108.91
11 Sep 2015
1107.63
10 Sep 2015
1110.4
09 Sep 2015
1107.66
08 Sep 2015
1121.4
07 Sep 2015
1118.8
04 Sep 2015
1121.61
03 Sep 2015
1125.36
02 Sep 2015
1133.86
01 Sep 2015
1140.11
31 Aug 2015
1134.39
28 Aug 2015
1133.41
27 Aug 2015
1124.82
26 Aug 2015
1125.04
25 Aug 2015
1140.49
24 Aug 2015
1155.02
21 Aug 2015
1160.18
20 Aug 2015
1152.08
19 Aug 2015
1133.85
18 Aug 2015
1117.64
17 Aug 2015
1117.35
14 Aug 2015
1114.94
13 Aug 2015
1115.04
12 Aug 2015
1124.38
11 Aug 2015
1108.86
10 Aug 2015
1104.41
07 Aug 2015
1094
06 Aug 2015
1089.49
05 Aug 2015
1084.92
04 Aug 2015
1087.67
03 Aug 2015
1086.64
31 Jul 2015
1095.38
30 Jul 2015
1088.43
29 Jul 2015
1096.7
28 Jul 2015
1095.32
27 Jul 2015
1093.86
24 Jul 2015
1099
23 Jul 2015
1090.51
22 Jul 2015
1094.08
21 Jul 2015
1101.05
20 Jul 2015
1096.48
17 Jul 2015
1134.29
16 Jul 2015
1145.28
15 Jul 2015
1149.39
14 Jul 2015
1155.84
13 Jul 2015
1157.82
10 Jul 2015
1163.67
09 Jul 2015
1159.12
08 Jul 2015
1157.99
07 Jul 2015
1155.19
06 Jul 2015
1170.09
03 Jul 2015
1168.33
02 Jul 2015
1166.06
01 Jul 2015
1168.75
30 Jun 2015
1172.24
29 Jun 2015
1179.69
26 Jun 2015
1175.28
25 Jun 2015
1172.98
24 Jun 2015
1175.33
23 Jun 2015
1178.53
22 Jun 2015
1185.42
19 Jun 2015
1200.06
18 Jun 2015
1201.43
17 Jun 2015
1185.46
16 Jun 2015
1181.93
15 Jun 2015
1186.07
12 Jun 2015
1181.5
11 Jun 2015
1181.86
10 Jun 2015
1185.68
09 Jun 2015
1176.38
08 Jun 2015
1173.96
05 Jun 2015
1171.8
04 Jun 2015
1176.37
03 Jun 2015
1184.68
02 Jun 2015
1192.5
01 Jun 2015
1189.06
29 May 2015
1190.34
28 May 2015
1187.97
27 May 2015
1187.5
26 May 2015
1186.87
25 May 2015
1207.02
22 May 2015
1205.96
21 May 2015
1205.82
20 May 2015
1209.67
19 May 2015
1207.28
18 May 2015
1224.85
15 May 2015
1223.86
14 May 2015
1220.59
13 May 2015
1215.5
12 May 2015
1193.36
11 May 2015
1183.86
08 May 2015
1188.04
07 May 2015
1184.39
06 May 2015
1192.13
05 May 2015
1193.05
04 May 2015
1188.11
01 May 2015
1178.19
30 Apr 2015
1183.84
29 Apr 2015
1204.33
28 Apr 2015
1211.97
27 Apr 2015
1201.76
24 Apr 2015
1179.19
23 Apr 2015
1193.8
22 Apr 2015
1187.08
21 Apr 2015
1202.02
20 Apr 2015
1195.04
17 Apr 2015
1204.14
16 Apr 2015
1197.93
15 Apr 2015
1202.23
14 Apr 2015
1191.93
13 Apr 2015
1198.39
10 Apr 2015
1207.47
09 Apr 2015
1194.76
08 Apr 2015
1202.43
07 Apr 2015
1209.06
06 Apr 2015
1214.64
03 Apr 2015
1200.75
02 Apr 2015
1202.42
01 Apr 2015
1203.85
31 Mar 2015
1183.3
30 Mar 2015
1185.85
27 Mar 2015
1198.56
26 Mar 2015
1204.62
25 Mar 2015
1195.4
24 Mar 2015
1193.06
23 Mar 2015
1189.27
20 Mar 2015
1182.42
19 Mar 2015
1171.04
18 Mar 2015
1167.37
17 Mar 2015
1149.1
16 Mar 2015
1154.68
13 Mar 2015
1158.29
12 Mar 2015
1153.58
11 Mar 2015
1155.21
10 Mar 2015
1161.69
09 Mar 2015
1167.01
06 Mar 2015
1167.16
05 Mar 2015
1198.24
04 Mar 2015
1200.22
03 Mar 2015
1203.57
02 Mar 2015
1206.72
27 Feb 2015
1213.16
26 Feb 2015
1209.32
25 Feb 2015
1204.87
24 Feb 2015
1200.36
23 Feb 2015
1201.66
20 Feb 2015
1201.77
19 Feb 2015
1206.59
18 Feb 2015
1212.27
17 Feb 2015
1209.6
16 Feb 2015
1230
13 Feb 2015
1229.66
12 Feb 2015
1221.64
11 Feb 2015
1218.94
10 Feb 2015
1233.58
09 Feb 2015
1238.91
06 Feb 2015
1233.78
05 Feb 2015
1264.55
04 Feb 2015
1269.14
03 Feb 2015
1260.25
02 Feb 2015
1274.04
30 Jan 2015
1283.2
29 Jan 2015
1256.7
28 Jan 2015
1283.56
27 Jan 2015
1292.04
26 Jan 2015
1281.16
23 Jan 2015
1294.11
22 Jan 2015
1301.73
21 Jan 2015
1293.02
20 Jan 2015
1294.65
19 Jan 2015
1276.36
16 Jan 2015
1280.26
15 Jan 2015
1262.04
14 Jan 2015
1228.55
13 Jan 2015
1230.58
12 Jan 2015
1233.14
09 Jan 2015
1223.14
08 Jan 2015
1208.7
07 Jan 2015
1211.14
06 Jan 2015
1218.46
05 Jan 2015
1204.2
02 Jan 2015
1188.47
31 Dec 2014
1181.33
30 Dec 2014
1200.35
29 Dec 2014
1183.02
26 Dec 2014
1195.82
25 Dec 2014
1173.6
24 Dec 2014
1173.75
23 Dec 2014
1176.32
22 Dec 2014
1176.22
19 Dec 2014
1195.6
18 Dec 2014
1198.55
17 Dec 2014
1189.48
16 Dec 2014
1196.77
15 Dec 2014
1193
12 Dec 2014
1222.44
11 Dec 2014
1227.29
10 Dec 2014
1226.17
09 Dec 2014
1230.84
08 Dec 2014
1203.33
05 Dec 2014
1192.08
04 Dec 2014
1205.16
03 Dec 2014
1209.36
02 Dec 2014
1198.16
01 Dec 2014
1211.81
28 Nov 2014
1166.99
27 Nov 2014
1190.4
26 Nov 2014
1197.78
25 Nov 2014
1200.77
24 Nov 2014
1196.71
21 Nov 2014
1201.29
20 Nov 2014
1193.43
19 Nov 2014
1182.29
18 Nov 2014
1196.71
17 Nov 2014
1186.48
14 Nov 2014
1188.66
13 Nov 2014
1162.28
12 Nov 2014
1162.36
11 Nov 2014
1164.16
10 Nov 2014
1151.25
07 Nov 2014
1177.8
06 Nov 2014
1141.49
05 Nov 2014
1140.16
04 Nov 2014
1168.26
03 Nov 2014
1165.46
31 Oct 2014
1172.64
30 Oct 2014
1198.69
29 Oct 2014
1212.05
28 Oct 2014
1228.4
27 Oct 2014
1226.38
24 Oct 2014
1230.91
23 Oct 2014
1231.72
22 Oct 2014
1241.13
21 Oct 2014
1248.56
20 Oct 2014
1246.61
17 Oct 2014
1238.09
16 Oct 2014
1238.66
15 Oct 2014
1241.9
14 Oct 2014
1232.61
13 Oct 2014
1235.68
10 Oct 2014
1223.05
09 Oct 2014
1224.15
08 Oct 2014
1221.02
07 Oct 2014
1208.85
06 Oct 2014
1207.11
03 Oct 2014
1191.24
02 Oct 2014
1214.43
01 Oct 2014
1213.7
30 Sep 2014
1208.04
29 Sep 2014
1215.67
26 Sep 2014
1218.2
25 Sep 2014
1221.43
24 Sep 2014
1216.96
23 Sep 2014
1223.28
22 Sep 2014
1214.95
19 Sep 2014
1215.48
18 Sep 2014
1224.93
17 Sep 2014
1223.35
16 Sep 2014
1235.48
15 Sep 2014
1233.13
12 Sep 2014
1229.57
11 Sep 2014
1240.8
10 Sep 2014
1249.65
09 Sep 2014
1255.33
08 Sep 2014
1255.22
05 Sep 2014
1268.8
04 Sep 2014
1261.78
03 Sep 2014
1269.28
02 Sep 2014
1265.27
01 Sep 2014
1286.7
29 Aug 2014
1287.19
28 Aug 2014
1289.44
27 Aug 2014
1282.49
26 Aug 2014
1280.98
25 Aug 2014
1276.67
22 Aug 2014
1281.03
21 Aug 2014
1276.64
20 Aug 2014
1291.74
19 Aug 2014
1295.67
18 Aug 2014
1298.26
15 Aug 2014
1304.52
14 Aug 2014
1313.37
13 Aug 2014
1312.71
12 Aug 2014
1309.31
11 Aug 2014
1308.37
08 Aug 2014
1309.58
07 Aug 2014
1312.45
06 Aug 2014
1305.75
05 Aug 2014
1288.67
04 Aug 2014
1288.13
01 Aug 2014
1293.66
31 Jul 2014
1282.51
30 Jul 2014
1296.12
29 Jul 2014
1299.09
28 Jul 2014
1303.95
25 Jul 2014
1306.98
24 Jul 2014
1293.54
23 Jul 2014
1304.51
22 Jul 2014
1306.26
21 Jul 2014
1312.33
18 Jul 2014
1310.78
17 Jul 2014
1319.04
16 Jul 2014
1299.05
15 Jul 2014
1293.89
14 Jul 2014
1307.11
11 Jul 2014
1338.45
10 Jul 2014
1335.6
09 Jul 2014
1327.7
08 Jul 2014
1319.13
07 Jul 2014
1319.73
04 Jul 2014
1319.3
03 Jul 2014
1319.46
02 Jul 2014
1326.72
01 Jul 2014
1326.25
30 Jun 2014
1327.23
27 Jun 2014
1316.02
26 Jun 2014
1316.49
25 Jun 2014
1319.12
24 Jun 2014
1318.13
23 Jun 2014
1317.35
20 Jun 2014
1314.55
19 Jun 2014
1320.17
18 Jun 2014
1277.59
17 Jun 2014
1270.59
16 Jun 2014
1271.77
13 Jun 2014
1276.75
12 Jun 2014
1273.24
11 Jun 2014
1260.92
10 Jun 2014
1259.74
09 Jun 2014
1252.26
06 Jun 2014
1253.1
05 Jun 2014
1253.47
04 Jun 2014
1243.8
03 Jun 2014
1244.88
02 Jun 2014
1243.74
30 May 2014
1249.49
29 May 2014
1255.56
28 May 2014
1258.01
27 May 2014
1264.76
26 May 2014
1301.04
23 May 2014
1292.46
22 May 2014
1294
21 May 2014
1291.92
20 May 2014
1294.09
19 May 2014
1292.97
16 May 2014
1293.28
15 May 2014
1296.07
14 May 2014
1305.87
13 May 2014
1293.57
12 May 2014
1295.81
09 May 2014
1287.66
08 May 2014
1289.39
07 May 2014
1289.85
06 May 2014
1307.87
05 May 2014
1310.19
02 May 2014
1299.45
01 May 2014
1284.23
30 Apr 2014
1291.5
29 Apr 2014
1295.82
28 Apr 2014
1296.49
25 Apr 2014
1303
24 Apr 2014
1293.18
23 Apr 2014
1283.65
22 Apr 2014
1283.64
21 Apr 2014
1289.68
18 Apr 2014
1294.97
17 Apr 2014
1295.05
16 Apr 2014
1302.39
15 Apr 2014
1302.45
14 Apr 2014
1327.84
11 Apr 2014
1317.21
10 Apr 2014
1318.85
09 Apr 2014
1311.72
08 Apr 2014
1308.53
07 Apr 2014
1297.26
04 Apr 2014
1303.28
03 Apr 2014
1286.56
02 Apr 2014
1289.81
01 Apr 2014
1278.88
31 Mar 2014
1283.96
28 Mar 2014
1295.19
27 Mar 2014
1291.22
26 Mar 2014
1304.37
25 Mar 2014
1310.96
24 Mar 2014
1308.68
21 Mar 2014
1334.28
20 Mar 2014
1327.67
19 Mar 2014
1329.51
18 Mar 2014
1355.54
17 Mar 2014
1366.98
14 Mar 2014
1382.84
13 Mar 2014
1370.2
12 Mar 2014
1366.8
11 Mar 2014
1348.85
10 Mar 2014
1339.56
07 Mar 2014
1340.02
06 Mar 2014
1350.74
05 Mar 2014
1336.71
04 Mar 2014
1334.33
03 Mar 2014
1350.47
28 Feb 2014
1326.24
27 Feb 2014
1331.27
26 Feb 2014
1330.55
25 Feb 2014
1340.49
24 Feb 2014
1336.8
21 Feb 2014
1324.11
20 Feb 2014
1322.9
19 Feb 2014
1311.45
18 Feb 2014
1321.85
17 Feb 2014
1328.5
14 Feb 2014
1318.48
13 Feb 2014
1302.67
12 Feb 2014
1290.96
11 Feb 2014
1291.05
10 Feb 2014
1274.74
07 Feb 2014
1267.15
06 Feb 2014
1258.04
05 Feb 2014
1257.71
04 Feb 2014
1254.56
03 Feb 2014
1257.37
31 Jan 2014
1244.41
30 Jan 2014
1243.56
29 Jan 2014
1267.19
28 Jan 2014
1256.82
27 Jan 2014
1256.94
24 Jan 2014
1269.94
23 Jan 2014
1263.89
22 Jan 2014
1237.08
21 Jan 2014
1241.28
20 Jan 2014
1252.01
17 Jan 2014
1253.84
16 Jan 2014
1242.27
15 Jan 2014
1241.75
14 Jan 2014
1245.05
13 Jan 2014
1253.02
10 Jan 2014
1248.12
09 Jan 2014
1227.84
08 Jan 2014
1225.82
07 Jan 2014
1231.92
06 Jan 2014
1237.86
03 Jan 2014
1236.73
02 Jan 2014
1224.18
31 Dec 2013
1205.4
30 Dec 2013
1196.38
27 Dec 2013
1212.94
26 Dec 2013
1210.49
25 Dec 2013
1204.12
24 Dec 2013
1204.3
23 Dec 2013
1198.56
20 Dec 2013
1202.96
19 Dec 2013
1188.4
18 Dec 2013
1218.21
17 Dec 2013
1230.78
16 Dec 2013
1241.19
13 Dec 2013
1238.46
12 Dec 2013
1225.27
11 Dec 2013
1252.06
10 Dec 2013
1261.95
09 Dec 2013
1240.16
06 Dec 2013
1228.9
05 Dec 2013
1224.98
04 Dec 2013
1243.41
03 Dec 2013
1223.2
02 Dec 2013
1219.64
29 Nov 2013
1251.14
28 Nov 2013
1244.76
27 Nov 2013
1237.67
26 Nov 2013
1242.71
25 Nov 2013
1251.23
22 Nov 2013
1243.49
21 Nov 2013
1242.87
20 Nov 2013
1244.01
19 Nov 2013
1275.36
18 Nov 2013
1275.06
15 Nov 2013
1289.97
14 Nov 2013
1286.95
13 Nov 2013
1281.47
12 Nov 2013
1267.85
11 Nov 2013
1282.59
08 Nov 2013
1288.44
07 Nov 2013
1307.46
06 Nov 2013
1317.67
05 Nov 2013
1311.6
04 Nov 2013
1314.53
01 Nov 2013
1315.99
31 Oct 2013
1322.93
30 Oct 2013
1344.37
29 Oct 2013
1344.93
28 Oct 2013
1352.48
25 Oct 2013
1350.63
24 Oct 2013
1346.54
23 Oct 2013
1333.16
22 Oct 2013
1340.04
21 Oct 2013
1315.92
18 Oct 2013
1315.31
17 Oct 2013
1320.26
16 Oct 2013
1282.38
15 Oct 2013
1282.02
14 Oct 2013
1272.32
11 Oct 2013
1272.02
10 Oct 2013
1287.54
09 Oct 2013
1305.53
08 Oct 2013
1319.15
07 Oct 2013
1323.06
04 Oct 2013
1310.57
03 Oct 2013
1316.73
02 Oct 2013
1315.8
01 Oct 2013
1287.59
30 Sep 2013
1328.83
27 Sep 2013
1336.49
26 Sep 2013
1323.91
25 Sep 2013
1334.2
24 Sep 2013
1323.19
23 Sep 2013
1322.54
20 Sep 2013
1325.82
19 Sep 2013
1366.21
18 Sep 2013
1363.84
17 Sep 2013
1310.25
16 Sep 2013
1312.75
13 Sep 2013
1326.04
12 Sep 2013
1321.37
11 Sep 2013
1365.17
10 Sep 2013
1363.66
09 Sep 2013
1386.8
06 Sep 2013
1391.75
05 Sep 2013
1367.32
04 Sep 2013
1391.59
03 Sep 2013
1412.26
02 Sep 2013
1392.2
30 Aug 2013
1395.21
29 Aug 2013
1407.65
28 Aug 2013
1417.39
27 Aug 2013
1415.02
26 Aug 2013
1404.52
23 Aug 2013
1397.72
22 Aug 2013
1375.96
21 Aug 2013
1366.6
20 Aug 2013
1371.12
19 Aug 2013
1365.82
16 Aug 2013
1376.65
15 Aug 2013
1366.08
14 Aug 2013
1335.94
13 Aug 2013
1321.52
12 Aug 2013
1338.31
09 Aug 2013
1314.31
08 Aug 2013
1312.93
07 Aug 2013
1287.37
06 Aug 2013
1282.97
05 Aug 2013
1302.94
02 Aug 2013
1311.59
01 Aug 2013
1310.07
31 Jul 2013
1324.91
30 Jul 2013
1326.23
29 Jul 2013
1328.15
26 Jul 2013
1333.26
25 Jul 2013
1333.61
24 Jul 2013
1322.16
23 Jul 2013
1345.02
22 Jul 2013
1335.69
19 Jul 2013
1295.94
18 Jul 2013
1283.96
17 Jul 2013
1275.76
16 Jul 2013
1292.01
15 Jul 2013
1284.62
12 Jul 2013
1285.44
11 Jul 2013
1285.84
10 Jul 2013
1259.74
09 Jul 2013
1251.29
08 Jul 2013
1236.87
06 Jul 2013
1222.57
05 Jul 2013
1223.05
04 Jul 2013
1249.88
03 Jul 2013
1252.59
02 Jul 2013
1243.27
29 Jun 2013
1233.22
28 Jun 2013
1234.33
27 Jun 2013
1200.48
26 Jun 2013
1226.28
25 Jun 2013
1277.46
22 Jun 2013
1295.45
21 Jun 2013
1296.37
20 Jun 2013
1284.68
19 Jun 2013
1351.07
18 Jun 2013
1367.47
15 Jun 2013
1389.63
14 Jun 2013
1390.48
13 Jun 2013
1385.93
12 Jun 2013
1388.8
11 Jun 2013
1378.1
08 Jun 2013
1381.98
07 Jun 2013
1383.03
06 Jun 2013
1413.75
05 Jun 2013
1403.07
04 Jun 2013
1399.21
01 Jun 2013
1387.76
31 May 2013
1387.76
30 May 2013
1413.99
29 May 2013
1392.58
28 May 2013
1380.92
25 May 2013
1386.57
24 May 2013
1386.57
23 May 2013
1390.29
22 May 2013
1370
21 May 2013
1376.13
18 May 2013
1359.3
17 May 2013
1359.3
16 May 2013
1385.84
15 May 2013
1392.79
14 May 2013
1425.2
11 May 2013
1448.05
10 May 2013
1448.05
09 May 2013
1457.84
08 May 2013
1473.79
07 May 2013
1452.53
04 May 2013
1470.44
03 May 2013
1470.44
02 May 2013
1466.81
01 May 2013
1457.23
30 Apr 2013
1476.38
27 Apr 2013
1462.21
26 Apr 2013
1462.21
25 Apr 2013
1467.76
24 Apr 2013
1431.63
23 Apr 2013
1413.05
20 Apr 2013
1403.6
19 Apr 2013
1403.6
18 Apr 2013
1390.29
17 Apr 2013
1376.09
16 Apr 2013
1367.16
13 Apr 2013
1483
12 Apr 2013
1483
11 Apr 2013
1561.35
10 Apr 2013
1558.15
09 Apr 2013
1585.1
06 Apr 2013
1580.93
05 Apr 2013
1580.93
04 Apr 2013
1554.44
03 Apr 2013
1557.64
02 Apr 2013
1575.57
29 Mar 2013
1594.3
28 Mar 2013
1596.83
27 Mar 2013
1604.98
26 Mar 2013
1599.58
23 Mar 2013
1608.48
22 Mar 2013
1608.52
21 Mar 2013
1614.58
20 Mar 2013
1606.64
19 Mar 2013
1612.67
16 Mar 2013
1591.84
15 Mar 2013
1591.84
14 Mar 2013
1589.99
13 Mar 2013
1587.61
12 Mar 2013
1592.67
08 Mar 2013
1578.64
07 Mar 2013
1578.77
06 Mar 2013
1583.61
05 Mar 2013
1575.3
01 Mar 2013
1575.89
28 Feb 2013
1579.35
27 Feb 2013
1596.73
26 Feb 2013
1613.48
22 Feb 2013
1581.3
21 Feb 2013
1575.87
20 Feb 2013
1564.22
19 Feb 2013
1604.93
15 Feb 2013
1609.82
14 Feb 2013
1634.65
13 Feb 2013
1642.32
12 Feb 2013
1651.18
08 Feb 2013
1666.96
07 Feb 2013
1671.11
06 Feb 2013
1677.49
05 Feb 2013
1672.78
01 Feb 2013
1667.27
31 Jan 2013
1663.25
30 Jan 2013
1676.8
29 Jan 2013
1663.29
25 Jan 2013
1658.56
24 Jan 2013
1667.81
23 Jan 2013
1685.62
22 Jan 2013
1692.34
18 Jan 2013
1684.05
17 Jan 2013
1686.88
16 Jan 2013
1679.75
15 Jan 2013
1679.19
11 Jan 2013
1662.6
10 Jan 2013
1675.09
09 Jan 2013
1657.64
08 Jan 2013
1659
04 Jan 2013
1655.55
03 Jan 2013
1663.75
28 Dec 2012
1655.64
27 Dec 2012
1663.78
26 Dec 2012
1659.21
25 Dec 2012
1659.02
21 Dec 2012
1656.97
20 Dec 2012
1647.67
19 Dec 2012
1667.08
18 Dec 2012
1671.1
14 Dec 2012
1695.53
13 Dec 2012
1697.02
12 Dec 2012
1711.5
11 Dec 2012
1709.76
07 Dec 2012
1703.87
06 Dec 2012
1699.69
05 Dec 2012
1693.76
04 Dec 2012
1697.31
30 Nov 2012
1714.66
29 Nov 2012
1725.33
28 Nov 2012
1719.59
27 Nov 2012
1742.02
23 Nov 2012
1751.06
22 Nov 2012
1729.86
21 Nov 2012
1728.42
20 Nov 2012
1726.79
16 Nov 2012
1713.36
15 Nov 2012
1715.55
14 Nov 2012
1726.25
13 Nov 2012
1724.67
09 Nov 2012
1730.57
08 Nov 2012
1731.43
07 Nov 2012
1717.34
06 Nov 2012
1715.65
02 Nov 2012
1677.37
01 Nov 2012
1714.22
31 Oct 2012
1720.54
30 Oct 2012
1709.08
26 Oct 2012
1710.76
25 Oct 2012
1711.91
24 Oct 2012
1701.53
23 Oct 2012
1707.55
19 Oct 2012
1721.05
18 Oct 2012
1741.06
17 Oct 2012
1749.79
16 Oct 2012
1747.32
12 Oct 2012
1753.27
11 Oct 2012
1766.97
10 Oct 2012
1762.11
09 Oct 2012
1764.01
05 Oct 2012
1780.19
04 Oct 2012
1789.97
03 Oct 2012
1777.48
02 Oct 2012
1774.22
28 Sep 2012
1771.74
27 Sep 2012
1776.95
26 Sep 2012
1752.16
25 Sep 2012
1760.39
21 Sep 2012
1771.23
20 Sep 2012
1768.19
19 Sep 2012
1770.08
18 Sep 2012
1771.61
14 Sep 2012
1769.87
13 Sep 2012
1766.56
12 Sep 2012
1730.06
11 Sep 2012
1731.68
07 Sep 2012
1735.14
06 Sep 2012
1699.91
05 Sep 2012
1692.73
04 Sep 2012
1695.46
31 Aug 2012
1691.18
30 Aug 2012
1655.15
29 Aug 2012
1656.08
28 Aug 2012
1666.41
24 Aug 2012
1670.05
23 Aug 2012
1668.27
22 Aug 2012
1655.26
21 Aug 2012
1637.3
20 Aug 2012
1619.38
17 Aug 2012
1615.07
16 Aug 2012
1615.16
15 Aug 2012
1603.85
14 Aug 2012
1600.14
13 Aug 2012
1610.44
10 Aug 2012
1619.43
09 Aug 2012
1616.37
08 Aug 2012
1612.4
07 Aug 2012
1610.65
06 Aug 2012
1611.31
03 Aug 2012
1602.94
02 Aug 2012
1589.33
01 Aug 2012
1601.94
31 Jul 2012
1613.07
30 Jul 2012
1621.46
27 Jul 2012
1622.32
26 Jul 2012
1613.3
25 Jul 2012
1602.48
24 Jul 2012
1580.13
23 Jul 2012
1576.69
20 Jul 2012
1583.84
19 Jul 2012
1583.96
18 Jul 2012
1573.54
17 Jul 2012
1584.18
16 Jul 2012
1590.17
13 Jul 2012
1588.95
12 Jul 2012
1568.61
11 Jul 2012
1576.78
10 Jul 2012
1571.21
09 Jul 2012
1587.42
06 Jul 2012
1583.24
05 Jul 2012
1607.31
04 Jul 2012
1615.34
03 Jul 2012
1619.59
02 Jul 2012
1595.22
29 Jun 2012
1597.01
28 Jun 2012
1553
27 Jun 2012
1574.34
26 Jun 2012
1571.75
25 Jun 2012
1584.86
22 Jun 2012
1572.09
21 Jun 2012
1568.33
20 Jun 2012
1604.03
19 Jun 2012
1620.62
18 Jun 2012
1627.76
15 Jun 2012
1626.56
14 Jun 2012
1620.9
13 Jun 2012
1616.98
12 Jun 2012
1607.8
11 Jun 2012
1590.92
08 Jun 2012
1591.82
07 Jun 2012
1591.46
06 Jun 2012
1621.99
05 Jun 2012
1617.5
04 Jun 2012
1619.13
01 Jun 2012
1622.78
31 May 2012
1560.11
30 May 2012
1564.05
29 May 2012
1552.55
28 May 2012
1574.6
25 May 2012
1571.55
24 May 2012
1556.19
23 May 2012
1558.22
22 May 2012
1567.07
21 May 2012
1594.07
18 May 2012
1591.98
17 May 2012
1574.55
16 May 2012
1542.55
15 May 2012
1542.63
14 May 2012
1557.85
11 May 2012
1578.35
10 May 2012
1593.31
09 May 2012
1588.76
08 May 2012
1602.4
07 May 2012
1637.19
04 May 2012
1641.24
03 May 2012
1635.54
02 May 2012
1651.52
01 May 2012
1661.95
30 Apr 2012
1666.64
27 Apr 2012
1661.54
26 Apr 2012
1656.16
25 Apr 2012
1643.45
24 Apr 2012
1641.25
23 Apr 2012
1636.78
20 Apr 2012
1641.95
19 Apr 2012
1641.45
18 Apr 2012
1641.47
17 Apr 2012
1650.48
16 Apr 2012
1651.42
13 Apr 2012
1657.44
12 Apr 2012
1674.86
11 Apr 2012
1659.37
10 Apr 2012
1657.41
09 Apr 2012
1643.17
06 Apr 2012
1630.88
05 Apr 2012
1629.7
04 Apr 2012
1623.22
03 Apr 2012
1646.77
02 Apr 2012
1678.84
30 Mar 2012
1667.37
29 Mar 2012
1661.38
28 Mar 2012
1664.8
27 Mar 2012
1681.01
26 Mar 2012
1688.93
23 Mar 2012
1660.92
22 Mar 2012
1646.57
21 Mar 2012
1651.01
20 Mar 2012
1649.58
19 Mar 2012
1663.14
16 Mar 2012
1658.71
15 Mar 2012
1658.02
14 Mar 2012
1643.43
13 Mar 2012
1675.91
12 Mar 2012
1700.07
09 Mar 2012
1713.65
08 Mar 2012
1701.8
07 Mar 2012
1685.02
06 Mar 2012
1674.31
05 Mar 2012
1704.85
02 Mar 2012
1712.14
01 Mar 2012
1719.86
29 Feb 2012
1702.39
28 Feb 2012
1786.18
27 Feb 2012
1767.05
24 Feb 2012
1771.54
23 Feb 2012
1778.9
22 Feb 2012
1775.6
21 Feb 2012
1757.26
20 Feb 2012
1733.48
17 Feb 2012
1723.01
16 Feb 2012
1727.41
15 Feb 2012
1728.12
14 Feb 2012
1719.34
13 Feb 2012
1718.21
10 Feb 2012
1721.42
09 Feb 2012
1729.64
08 Feb 2012
1731.79
07 Feb 2012
1744.7
06 Feb 2012
1719.9
03 Feb 2012
1725.79
02 Feb 2012
1756.51
01 Feb 2012
1745.04
31 Jan 2012
1735.5
30 Jan 2012
1729.67
27 Jan 2012
1737.44
26 Jan 2012
1719.65
25 Jan 2012
1709.49
24 Jan 2012
1666.61
23 Jan 2012
1679.02
20 Jan 2012
1665.9
19 Jan 2012
1654.8
18 Jan 2012
1659.77
17 Jan 2012
1654.43
16 Jan 2012
1644.06
13 Jan 2012
1638.9
12 Jan 2012
1647.49
11 Jan 2012
1642.35
10 Jan 2012
1634.79
09 Jan 2012
1611.56
06 Jan 2012
1612.06
05 Jan 2012
1620.65
04 Jan 2012
1611.29
03 Jan 2012
1605.9
29-Dec-11
1562.92
28-Dec-11
1549.29
27-Dec-11
1555.57
26-Dec-11
1589.6
25-Dec-11
1602.71
22-Dec-11
1605.71
21-Dec-11
1607.27
20-Dec-11
1612.38
19-Dec-11
1618.11
18-Dec-11
1593.31
15-Dec-11
1597.78
14-Dec-11
1575.41
13-Dec-11
1574.88
12-Dec-11
1629.44
11-Dec-11
1665.21
8-Dec-11
1710.08
7-Dec-11
1709.37
6-Dec-11
1739.83
5-Dec-11
1727.46
4-Dec-11
1721.21
1-Dec-11
1745.3
30-Nov-11
1744.8
29-Nov-11
1748.02
28-Nov-11
1718.28
27-Nov-11
1712.09
24-Nov-11
1680.13
23-Nov-11
1694.75
22-Nov-11
1689.84
21-Nov-11
1701.1
20-Nov-11
1677.48
17-Nov-11
1722.77
16-Nov-11
1721.26
15-Nov-11
1761.52
14-Nov-11
1778.16
13-Nov-11
1780.06
10-Nov-11
1787.92
9-Nov-11
1751.67
8-Nov-11
1771.21
7-Nov-11
1788.99
6-Nov-11
1792.86
3-Nov-11
1753.66
2-Nov-11
1758.27
1-Nov-11
1735.16
31-Oct-11
1715.21
30-Oct-11
1713.96
27-Oct-11
1742.48
26-Oct-11
1746.1
25-Oct-11
1722.97
24-Oct-11
1701.08
23-Oct-11
1650.16
20-Oct-11
1640.58
19-Oct-11
1616.55
18-Oct-11
1641.14
17-Oct-11
1656.51
16-Oct-11
1673.72
13-Oct-11
1679.63
12-Oct-11
1668.3
11-Oct-11
1677.28
10-Oct-11
1662.33
9-Oct-11
1673.65
6-Oct-11
1636.5
5-Oct-11
1651.57
4-Oct-11
1636.45
3-Oct-11
1629.59
2-Oct-11
1666.95
29-Sep-11
1622.61
28-Sep-11
1623.65
27-Sep-11
1587.73
26-Sep-11
1642.1
25-Sep-11
1618.31
22-Sep-11
1655.53
21-Sep-11
1741.36
20-Sep-11
1783.86
19-Sep-11
1801.3
18-Sep-11
1780.98
15-Sep-11
1810.95
14-Sep-11
1785.66
13-Sep-11
1823.65
12-Sep-11
1835.79
11-Sep-11
1823.51
8-Sep-11
1854.65
7-Sep-11
1862.92
6-Sep-11
1813.38
5-Sep-11
1875.45
4-Sep-11
1897.32
1-Sep-11
1882.05
31-Aug-11
1826.26
30-Aug-11
1826.59
29-Aug-11
1829.4
28-Aug-11
1789.99
25-Aug-11
1827.26
24-Aug-11
1764.67
23-Aug-11
1749.29
22-Aug-11
1837.53
21-Aug-11
1908.82
18-Aug-11
1850.66
17-Aug-11
1825.12
16-Aug-11
1786.96
15-Aug-11
1785.63
14-Aug-11
1766.2
11-Aug-11
1746.27
10-Aug-11
1751.7
9-Aug-11
1807.93
8-Aug-11
1763.18
7-Aug-11
1721.56
4-Aug-11
1662.86
3-Aug-11
1641.24
2-Aug-11
1659.74
1-Aug-11
1653.77
31-Jul-11
1618.26
28-Jul-11
1626.29
27-Jul-11
1613.47
26-Jul-11
1612.61
25-Jul-11
1619.16
24-Jul-11
1613.7
21-Jul-11
1600.41
20-Jul-11
1590.85
19-Jul-11
1598.05
18-Jul-11
1589.32
17-Jul-11
1602.83
14-Jul-11
1592.53
13-Jul-11
1586.24
12-Jul-11
1588.53
11-Jul-11
1566.91
10-Jul-11
1551.54
7-Jul-11
1542.93
6-Jul-11
1529.99
5-Jul-11
1527.69
4-Jul-11
1512.28
3-Jul-11
1494.63
30-Jun-11
1487.17
29-Jun-11
1501.21
28-Jun-11
1510.39
27-Jun-11
1500.51
26-Jun-11
1500.4
23-Jun-11
1501.83
22-Jun-11
1524.05
21-Jun-11
1547.18
20-Jun-11
1545.04
19-Jun-11
1539.08
16-Jun-11
1539.2
15-Jun-11
1528.39
14-Jun-11
1528.37
13-Jun-11
1526
12-Jun-11
1517.26
9-Jun-11
1530.97
8-Jun-11
1541.9
7-Jun-11
1536.05
6-Jun-11
1544.52
5-Jun-11
1544.17
2-Jun-11
1541.94
1-Jun-11
1534.15
31-May-11
1542.51
30-May-11
1535.15
29-May-11
1538.2
26-May-11
1535.94
25-May-11
1523.74
24-May-11
1524.9
23-May-11
1524.06
22-May-11
1513.84
19-May-11
1511.55
18-May-11
1494.4
17-May-11
1495.55
16-May-11
1485.21
15-May-11
1489.14
12-May-11
1494.63
11-May-11
1504.38
10-May-11
1503.38
9-May-11
1515.27
8-May-11
1511.1
5-May-11
1495.1
4-May-11
1472.54
3-May-11
1515.56
2-May-11
1536.66
1-May-11
1541.34
28-Apr-11
1563.11
27-Apr-11
1534.97
26-Apr-11
1524.68
25-Apr-11
1508.48
24-Apr-11
1506.35
20-Apr-11
1503.75
19-Apr-11
1501.03
18-Apr-11
1495.47
17-Apr-11
1494.79
14-Apr-11
1486.73
13-Apr-11
1477.92
12-Apr-11
1456.2
11-Apr-11
1451.01
10-Apr-11
1462.69
7-Apr-11
1474.38
6-Apr-11
1458.72
5-Apr-11
1458.39
4-Apr-11
1453.81
3-Apr-11
1433.8
31-Mar-11
1428.55
30-Mar-11
1432.16
29-Mar-11
1421.89
28-Mar-11
1417.07
27-Mar-11
1420.37
24-Mar-11
1429.37
23-Mar-11
1432.19
22-Mar-11
1437.7
21-Mar-11
1428.1
20-Mar-11
1426.66
17-Mar-11
1418.13
16-Mar-11
1407.32
15-Mar-11
1387.36
14-Mar-11
1394.51
13-Mar-11
1426.04
10-Mar-11
1417.76
9-Mar-11
1412.23
8-Mar-11
1429.39
7-Mar-11
1428.24
6-Mar-11
1431.32
3-Mar-11
1427.76
2-Mar-11
1414.45
1-Mar-11
1432.88
28-Feb-11
1433.57
27-Feb-11
1410.59
24-Feb-11
1410.1
23-Feb-11
1402.6
22-Feb-11
1414.04
21-Feb-11
1399.21
20-Feb-11
1408.02
17-Feb-11
1389.89
16-Feb-11
1383.48
15-Feb-11
1375.45
14-Feb-11
1371.36
13-Feb-11
1361.45
10-Feb-11
1356.11
9-Feb-11
1363.54
8-Feb-11
1363.8
7-Feb-11
1362.39
6-Feb-11
1350.55
3-Feb-11
1349.1
2-Feb-11
1351.86
1-Feb-11
1334.35
31-Jan-11
1342.2
30-Jan-11
1332.47
27-Jan-11
1335.85
26-Jan-11
1314.92
25-Jan-11
1343.48
24-Jan-11
1331.49
23-Jan-11
1337.72
20-Jan-11
1341.9
19-Jan-11
1347.59
18-Jan-11
1369.18
17-Jan-11
1368.36
16-Jan-11
1360.53
13-Jan-11
1359.52
12-Jan-11
1375.93
11-Jan-11
1386.44
10-Jan-11
1381.69
9-Jan-11
1374.88
6-Jan-11
1368.4
5-Jan-11
1370.72
4-Jan-11
1375.54
3-Jan-11
1383.92
2-Jan-11
1414.46
31-Dec-10
1420.47
30-Dec-10
1405.36
29-Dec-10
1410.63
28-Dec-10
1404.81
27-Dec-10
1383.05
24-Dec-10
1384.25
23-Dec-10
1379.58
22-Dec-10
1386.32
21-Dec-10
1386.38
20-Dec-10
1385.42
17-Dec-10
1374.96
16-Dec-10
1370.4
15-Dec-10
1380.07
14-Dec-10
1396.23
13-Dec-10
1396.18
10-Dec-10
1385.63
09-Dec-10
1386.4
08-Dec-10
1384.14
07-Dec-10
1400.29
06-Dec-10
1421.39
03-Dec-10
1414.03
02-Dec-10
1386.34
01-Dec-10
1388
30-Nov-10
1383.38
29-Nov-10
1365.84
26-Nov-10
1362.12
25-Nov-10
1372.2
24-Nov-10
1373.7
23-Nov-10
1371.74
22-Nov-10
1363.77
19-Nov-10
1353.24
18-Nov-10
1360.8
17-Nov-10
1341.2
16-Nov-10
1339.7
15-Nov-10
1357.6
12-Nov-10
1368.34
11-Nov-10
1407.4
10-Nov-10
1400.99
09-Nov-10
1396.3
08-Nov-10
1405.7
05-Nov-10
1393.45
04-Nov-10
1386.83
03-Nov-10
1348.32
02-Nov-10
1356.34
01-Nov-10
1353.4
29-Oct-10
1359.2
28-Oct-10
1343
27-Oct-10
1327.9
26-Oct-10
1341.7
25-Oct-10
1340.8
22-Oct-10
1328.35
21-Oct-10
1326.2
20-Oct-10
1349
19-Oct-10
1332.95
18-Oct-10
1368.07
15-Oct-10
1368.4
14-Oct-10
1378.5
13-Oct-10
1373.15
12-Oct-10
1351.53
11-Oct-10
1353.1
08-Oct-10
1346.85
07-Oct-10
1334.9
06-Oct-10
1344.2
05-Oct-10
1339.17
04-Oct-10
1314
01-Oct-10
1318.75
30-Sep-10
1307.08
29-Sep-10
1308.4
28-Sep-10
1309
27-Sep-10
1291.97
24-Sep-10
1296.37
23-Sep-10
1293.92
22-Sep-10
1291.1
21-Sep-10
1286.65
20-Sep-10
1278.7
17-Sep-10
1274.1
16-Sep-10
1273.88
15-Sep-10
1267.5
14-Sep-10
1268.45
13-Sep-10
1248.6
10-Sep-10
1246.35
09-Sep-10
1246.05
08-Sep-10
1255.23
07-Sep-10
1256.1
06-Sep-10
1249.38
03-Sep-10
1248.04
02-Sep-10
1251
01-Sep-10
1245.55
31-Aug-10
1247.9
30-Aug-10
1236.55
27-Aug-10
1237.72
26-Aug-10
1237.2
25-Aug-10
1238.97
24-Aug-10
1231.4
23-Aug-10
1222.95
20-Aug-10
1227.69
19-Aug-10
1232.1
18-Aug-10
1228.9
17-Aug-10
1224.4
16-Aug-10
1224.4
13-Aug-10
1215.3
12-Aug-10
1212.05
11-Aug-10
1200.89
10-Aug-10
1203
09-Aug-10
1199.9
06-Aug-10
1205.3
05-Aug-10
1193.45
04-Aug-10
1195.95
03-Aug-10
1189.8
02-Aug-10
1182.58
30-Jul-10
1181.05
29-Jul-10
1167.1
28-Jul-10
1163.9
27-Jul-10
1162.9
26-Jul-10
1184.7
23-Jul-10
1188.85
22-Jul-10
1195.8
21-Jul-10
1185.47
20-Jul-10
1191.9
19-Jul-10
1181.7
16-Jul-10
1192.85
15-Jul-10
1209.6
14-Jul-10
1209.7
13-Jul-10
1211.3
12-Jul-10
1197.2
09-Jul-10
1211.9
08-Jul-10
1195.68
07-Jul-10
1204.95
06-Jul-10
1193.5
05-Jul-10
1209.02
02-Jul-10
1211.25
01-Jul-10
1201.3
30-Jun-10
1241.45
29-Jun-10
1240.3
28-Jun-10
1239.6
25-Jun-10
1255.45
24-Jun-10
1244.53
23-Jun-10
1237.8
22-Jun-10
1240.93
21-Jun-10
1237.4
18-Jun-10
1256.7
17-Jun-10
1244.84
16-Jun-10
1232.05
15-Jun-10
1232.7
14-Jun-10
1221.02
11-Jun-10
1225.9
10-Jun-10
1219
09-Jun-10
1231.19
08-Jun-10
1237.2
07-Jun-10
1239
04-Jun-10
1219
03-Jun-10
1206.38
02-Jun-10
1224
01-Jun-10
1225.14
31-May-10
1216.35
28-May-10
1213.81
27-May-10
1211.72
26-May-10
1210.8
25-May-10
1203
24-May-10
1192.8
21-May-10
1175.15
20-May-10
1181.85
19-May-10
1197.45
18-May-10
1227.3
17-May-10
1224.9
14-May-10
1232.55
13-May-10
1235.4
12-May-10
1237.9
11-May-10
1229.78
10-May-10
1202.4
07-May-10
1207.8
06-May-10
1204.09
05-May-10
1175.45
04-May-10
1170.64
03-May-10
1182.95
30-Apr-10
1179.01
29-Apr-10
1168.75
28-Apr-10
1165.9
27-Apr-10
1165.92
26-Apr-10
1155.79
23-Apr-10
1156.9
22-Apr-10
1139.5
21-Apr-10
1146.09
20-Apr-10
1140.9
19-Apr-10
1135
16-Apr-10
1136.45
15-Apr-10
1159.38
14-Apr-10
1157
13-Apr-10
1151.49
12-Apr-10
1155.5
09-Apr-10
1159.9
08-Apr-10
1149.39
07-Apr-10
1147.95
06-Apr-10
1134.3
05-Apr-10
1130.13
02-Apr-10
1120
01-Apr-10
1126.5
31-Mar-10
1112.4
30-Mar-10
1102.87
29-Mar-10
1109.28
26-Mar-10
1105.6
25-Mar-10
1089.9
24-Mar-10
1086.6
23-Mar-10
1103.45
22-Mar-10
1105.43
19-Mar-10
1106.55
18-Mar-10
1125.84
17-Mar-10
1122.25
16-Mar-10
1126.64
15-Mar-10
1108.94
12-Mar-10
1101.6
11-Mar-10
1110.5
10-Mar-10
1108.4
09-Mar-10
1122.69
08-Mar-10
1122.6
05-Mar-10
1134.6
04-Mar-10
1132.45
03-Mar-10
1140.45
02-Mar-10
1134
01-Mar-10
1117.5
26-Feb-10
1117.39
25-Feb-10
1104.68
24-Feb-10
1099.9
23-Feb-10
1105.47
22-Feb-10
1113.8
19-Feb-10
1118.7
18-Feb-10
1100.95
17-Feb-10
1105.63
16-Feb-10
1118.1
15-Feb-10
1099.03
12-Feb-10
1092.4
11-Feb-10
1092.65
10-Feb-10
1073.6
09-Feb-10
1077.8
08-Feb-10
1063
05-Feb-10
1064.75
04-Feb-10
1064.37
03-Feb-10
1108.75
02-Feb-10
1114.8
01-Feb-10
1104.08
29-Jan-10
1080.9
28-Jan-10
1085.72
27-Jan-10
1089.2
26-Jan-10
1099.6
25-Jan-10
1100.65
22-Jan-10
1092.5
21-Jan-10
1094.7
20-Jan-10
1115.22
19-Jan-10
1138.2
18-Jan-10
1135.6
15-Jan-10
1129.9
14-Jan-10
1142.98
13-Jan-10
1138.2
12-Jan-10
1130.1
11-Jan-10
1149.5
08-Jan-10
1136.7
07-Jan-10
1127.12
06-Jan-10
1136.05
05-Jan-10
1118.53
04-Jan-10
1120.7
01-Jan-10
1096.35